[1, 2, 7, 8]
[2, 3, 8, 9]
[3, 4, 9, 10]
[4, 5, 10, 11]
[5, 6, 11, 12]
[7, 8, 13, 14]
[8, 9, 14, 15]
[9, 10, 15, 16]
[10, 11, 16, 17]
[11, 12, 17, 18]
[13, 14, 19, 20]
[14, 15, 20, 21]
[15, 16, 21, 22]
[16, 17, 22, 23]
[17, 18, 23, 24]
[19, 20, 25, 26]
[20, 21, 26, 27]
[21, 22, 27, 28]
[22, 23, 28, 29]
[23, 24, 29, 30]
[25, 26, 31, 32]
[26, 27, 32, 33]
[27, 28, 33, 34]
[28, 29, 34, 35]
[29, 30, 35, 36]
[[1, 2, 7, 8], [2, 3, 8, 9], [3, 4, 9, 10], [4, 5, 10, 11], [5, 6, 11, 12], [7, 8, 13, 14], [8, 9, 14, 15], [9, 10, 15, 16], [10, 11, 16, 17], [11, 12, 17, 18], [13, 14, 19, 20], [14, 15, 20, 21], [15, 16, 21, 22], [16, 17, 22, 23], [17, 18, 23, 24], [19, 20, 25, 26], [20, 21, 26, 27], [21, 22, 27, 28], [22, 23, 28, 29], [23, 24, 29, 30], [25, 26, 31, 32], [26, 27, 32, 33], [27, 28, 33, 34], [28, 29, 34, 35], [29, 30, 35, 36]]
['*', '*', '*', '*', '*', '*', '*', '*', '*', '*', '*', '*', '*', '*', '*', '*', '*', '*', '*', '*', '*', '*', '*', '*', '*']
0 1 2 7 8
[0, 0, 0, 0]
1 2 3 8 9
[0, 0, 0, 0]
2 3 4 9 10
[0, 0, 0, 0]
3 4 5 10 11
[0, 0, 0, 0]
4 5 6 11 12
[0, 0, 0, 0]
5 7 8 13 14
[0, 0, 0, 0]
6 8 9 14 15
[0, 0, 0, 0]
7 9 10 15 16
[0, 0, 0, 0]
8 10 11 16 17
[0, 0, 0, 0]
9 11 12 17 18
[0, 0, 0, 0]
10 13 14 19 20
[0, 0, 0, 0]
11 14 15 20 21
[0, 0, 0, 0]
12 15 16 21 22
[0, 0, 0, 0]
13 16 17 22 23
[0, 0, 0, 0]
14 17 18 23 24
[0, 0, 0, 0]
15 19 20 25 26
[0, 0, 0, 0]
16 20 21 26 27
[0, 0, 0, 0]
17 21 22 27 28
[0, 0, 0, 0]
18 22 23 28 29
[0, 0, 0, 0]
19 23 24 29 30
[0, 0, 0, 0]
20 25 26 31 32
[0, 0, 0, 0]
21 26 27 32 33
[0, 0, 0, 0]
22 27 28 33 34
[0, 0, 0, 0]
23 28 29 34 35
[0, 0, 0, 0]
24 29 30 35 36
[0, 0, 0, 0]
1
[[1, 1], [2, 2], [1, 3], [0, 2]]
P1 connects dots 8 and 14
0 1 2 7 8
[0, 0, 0, 0]
1 2 3 8 9
[0, 0, 0, 0]
2 3 4 9 10
[0, 0, 0, 0]
3 4 5 10 11
[0, 0, 0, 0]
4 5 6 11 12
[0, 0, 0, 0]
5 7 8 13 14
[0, 0, 0, 1]
6 8 9 14 15
[0, 1, 0, 0]
7 9 10 15 16
[0, 0, 0, 0]
8 10 11 16 17
[0, 0, 0, 0]
9 11 12 17 18
[0, 0, 0, 0]
10 13 14 19 20
[0, 0, 0, 0]
11 14 15 20 21
[0, 0, 0, 0]
12 15 16 21 22
[0, 0, 0, 0]
13 16 17 22 23
[0, 0, 0, 0]
14 17 18 23 24
[0, 0, 0, 0]
15 19 20 25 26
[0, 0, 0, 0]
16 20 21 26 27
[0, 0, 0, 0]
17 21 22 27 28
[0, 0, 0, 0]
18 22 23 28 29
[0, 0, 0, 0]
19 23 24 29 30
[0, 0, 0, 0]
20 25 26 31 32
[0, 0, 0, 0]
21 26 27 32 33
[0, 0, 0, 0]
22 27 28 33 34
[0, 0, 0, 0]
23 28 29 34 35
[0, 0, 0, 0]
24 29 30 35 36
[0, 0, 0, 0]
2
[[0, 1], [1, 0]]
P2 connects dots 7 and 1
0 1 2 7 8
[0, 2, 0, 0]
1 2 3 8 9
[0, 0, 0, 0]
2 3 4 9 10
[0, 0, 0, 0]
3 4 5 10 11
[0, 0, 0, 0]
4 5 6 11 12
[0, 0, 0, 0]
5 7 8 13 14
[0, 0, 0, 1]
6 8 9 14 15
[0, 1, 0, 0]
7 9 10 15 16
[0, 0, 0, 0]
8 10 11 16 17
[0, 0, 0, 0]
9 11 12 17 18
[0, 0, 0, 0]
10 13 14 19 20
[0, 0, 0, 0]
11 14 15 20 21
[0, 0, 0, 0]
12 15 16 21 22
[0, 0, 0, 0]
13 16 17 22 23
[0, 0, 0, 0]
14 17 18 23 24
[0, 0, 0, 0]
15 19 20 25 26
[0, 0, 0, 0]
16 20 21 26 27
[0, 0, 0, 0]
17 21 22 27 28
[0, 0, 0, 0]
18 22 23 28 29
[0, 0, 0, 0]
19 23 24 29 30
[0, 0, 0, 0]
20 25 26 31 32
[0, 0, 0, 0]
21 26 27 32 33
[0, 0, 0, 0]
22 27 28 33 34
[0, 0, 0, 0]
23 28 29 34 35
[0, 0, 0, 0]
24 29 30 35 36
[0, 0, 0, 0]
1
[[5, 2], [5, 4], [4, 3]]
P1 connects dots 18 and 24
0 1 2 7 8
[0, 2, 0, 0]
1 2 3 8 9
[0, 0, 0, 0]
2 3 4 9 10
[0, 0, 0, 0]
3 4 5 10 11
[0, 0, 0, 0]
4 5 6 11 12
[0, 0, 0, 0]
5 7 8 13 14
[0, 0, 0, 1]
6 8 9 14 15
[0, 1, 0, 0]
7 9 10 15 16
[0, 0, 0, 0]
8 10 11 16 17
[0, 0, 0, 0]
9 11 12 17 18
[0, 0, 0, 0]
10 13 14 19 20
[0, 0, 0, 0]
11 14 15 20 21
[0, 0, 0, 0]
12 15 16 21 22
[0, 0, 0, 0]
13 16 17 22 23
[0, 0, 0, 0]
14 17 18 23 24
[0, 0, 0, 1]
15 19 20 25 26
[0, 0, 0, 0]
16 20 21 26 27
[0, 0, 0, 0]
17 21 22 27 28
[0, 0, 0, 0]
18 22 23 28 29
[0, 0, 0, 0]
19 23 24 29 30
[0, 0, 0, 0]
20 25 26 31 32
[0, 0, 0, 0]
21 26 27 32 33
[0, 0, 0, 0]
22 27 28 33 34
[0, 0, 0, 0]
23 28 29 34 35
[0, 0, 0, 0]
24 29 30 35 36
[0, 0, 0, 0]
2
[[5, 2], [4, 3], [5, 4]]
P2 connects dots 23 and 24
0 1 2 7 8
[0, 2, 0, 0]
1 2 3 8 9
[0, 0, 0, 0]
2 3 4 9 10
[0, 0, 0, 0]
3 4 5 10 11
[0, 0, 0, 0]
4 5 6 11 12
[0, 0, 0, 0]
5 7 8 13 14
[0, 0, 0, 1]
6 8 9 14 15
[0, 1, 0, 0]
7 9 10 15 16
[0, 0, 0, 0]
8 10 11 16 17
[0, 0, 0, 0]
9 11 12 17 18
[0, 0, 0, 0]
10 13 14 19 20
[0, 0, 0, 0]
11 14 15 20 21
[0, 0, 0, 0]
12 15 16 21 22
[0, 0, 0, 0]
13 16 17 22 23
[0, 0, 0, 0]
14 17 18 23 24
[0, 0, 2, 1]
15 19 20 25 26
[0, 0, 0, 0]
16 20 21 26 27
[0, 0, 0, 0]
17 21 22 27 28
[0, 0, 0, 0]
18 22 23 28 29
[0, 0, 0, 0]
19 23 24 29 30
[2, 0, 0, 0]
20 25 26 31 32
[0, 0, 0, 0]
21 26 27 32 33
[0, 0, 0, 0]
22 27 28 33 34
[0, 0, 0, 0]
23 28 29 34 35
[0, 0, 0, 0]
24 29 30 35 36
[0, 0, 0, 0]
1
[[3, 4], [4, 5], [2, 5]]
P1 connects dots 28 and 34
0 1 2 7 8
[0, 2, 0, 0]
1 2 3 8 9
[0, 0, 0, 0]
2 3 4 9 10
[0, 0, 0, 0]
3 4 5 10 11
[0, 0, 0, 0]
4 5 6 11 12
[0, 0, 0, 0]
5 7 8 13 14
[0, 0, 0, 1]
6 8 9 14 15
[0, 1, 0, 0]
7 9 10 15 16
[0, 0, 0, 0]
8 10 11 16 17
[0, 0, 0, 0]
9 11 12 17 18
[0, 0, 0, 0]
10 13 14 19 20
[0, 0, 0, 0]
11 14 15 20 21
[0, 0, 0, 0]
12 15 16 21 22
[0, 0, 0, 0]
13 16 17 22 23
[0, 0, 0, 0]
14 17 18 23 24
[0, 0, 2, 1]
15 19 20 25 26
[0, 0, 0, 0]
16 20 21 26 27
[0, 0, 0, 0]
17 21 22 27 28
[0, 0, 0, 0]
18 22 23 28 29
[0, 0, 0, 0]
19 23 24 29 30
[2, 0, 0, 0]
20 25 26 31 32
[0, 0, 0, 0]
21 26 27 32 33
[0, 0, 0, 0]
22 27 28 33 34
[0, 0, 0, 1]
23 28 29 34 35
[0, 1, 0, 0]
24 29 30 35 36
[0, 0, 0, 0]
2
[[4, 0], [3, 1], [4, 2], [5, 1]]
P2 connects dots 5 and 11
0 1 2 7 8
[0, 2, 0, 0]
1 2 3 8 9
[0, 0, 0, 0]
2 3 4 9 10
[0, 0, 0, 0]
3 4 5 10 11
[0, 0, 0, 2]
4 5 6 11 12
[0, 2, 0, 0]
5 7 8 13 14
[0, 0, 0, 1]
6 8 9 14 15
[0, 1, 0, 0]
7 9 10 15 16
[0, 0, 0, 0]
8 10 11 16 17
[0, 0, 0, 0]
9 11 12 17 18
[0, 0, 0, 0]
10 13 14 19 20
[0, 0, 0, 0]
11 14 15 20 21
[0, 0, 0, 0]
12 15 16 21 22
[0, 0, 0, 0]
13 16 17 22 23
[0, 0, 0, 0]
14 17 18 23 24
[0, 0, 2, 1]
15 19 20 25 26
[0, 0, 0, 0]
16 20 21 26 27
[0, 0, 0, 0]
17 21 22 27 28
[0, 0, 0, 0]
18 22 23 28 29
[0, 0, 0, 0]
19 23 24 29 30
[2, 0, 0, 0]
20 25 26 31 32
[0, 0, 0, 0]
21 26 27 32 33
[0, 0, 0, 0]
22 27 28 33 34
[0, 0, 0, 1]
23 28 29 34 35
[0, 1, 0, 0]
24 29 30 35 36
[0, 0, 0, 0]
1
[[1, 0], [2, 1], [1, 2], [0, 1]]
P1 connects dots 2 and 8
0 1 2 7 8
[0, 2, 0, 1]
1 2 3 8 9
[0, 1, 0, 0]
2 3 4 9 10
[0, 0, 0, 0]
3 4 5 10 11
[0, 0, 0, 2]
4 5 6 11 12
[0, 2, 0, 0]
5 7 8 13 14
[0, 0, 0, 1]
6 8 9 14 15
[0, 1, 0, 0]
7 9 10 15 16
[0, 0, 0, 0]
8 10 11 16 17
[0, 0, 0, 0]
9 11 12 17 18
[0, 0, 0, 0]
10 13 14 19 20
[0, 0, 0, 0]
11 14 15 20 21
[0, 0, 0, 0]
12 15 16 21 22
[0, 0, 0, 0]
13 16 17 22 23
[0, 0, 0, 0]
14 17 18 23 24
[0, 0, 2, 1]
15 19 20 25 26
[0, 0, 0, 0]
16 20 21 26 27
[0, 0, 0, 0]
17 21 22 27 28
[0, 0, 0, 0]
18 22 23 28 29
[0, 0, 0, 0]
19 23 24 29 30
[2, 0, 0, 0]
20 25 26 31 32
[0, 0, 0, 0]
21 26 27 32 33
[0, 0, 0, 0]
22 27 28 33 34
[0, 0, 0, 1]
23 28 29 34 35
[0, 1, 0, 0]
24 29 30 35 36
[0, 0, 0, 0]
2
[[3, 4], [2, 5], [4, 5]]
P2 connects dots 33 and 34
0 1 2 7 8
[0, 2, 0, 1]
1 2 3 8 9
[0, 1, 0, 0]
2 3 4 9 10
[0, 0, 0, 0]
3 4 5 10 11
[0, 0, 0, 2]
4 5 6 11 12
[0, 2, 0, 0]
5 7 8 13 14
[0, 0, 0, 1]
6 8 9 14 15
[0, 1, 0, 0]
7 9 10 15 16
[0, 0, 0, 0]
8 10 11 16 17
[0, 0, 0, 0]
9 11 12 17 18
[0, 0, 0, 0]
10 13 14 19 20
[0, 0, 0, 0]
11 14 15 20 21
[0, 0, 0, 0]
12 15 16 21 22
[0, 0, 0, 0]
13 16 17 22 23
[0, 0, 0, 0]
14 17 18 23 24
[0, 0, 2, 1]
15 19 20 25 26
[0, 0, 0, 0]
16 20 21 26 27
[0, 0, 0, 0]
17 21 22 27 28
[0, 0, 0, 0]
18 22 23 28 29
[0, 0, 0, 0]
19 23 24 29 30
[2, 0, 0, 0]
20 25 26 31 32
[0, 0, 0, 0]
21 26 27 32 33
[0, 0, 0, 0]
22 27 28 33 34
[0, 0, 2, 1]
23 28 29 34 35
[0, 1, 0, 0]
24 29 30 35 36
[0, 0, 0, 0]
1
[[5, 1], [5, 3], [4, 2]]
P1 connects dots 12 and 18
0 1 2 7 8
[0, 2, 0, 1]
1 2 3 8 9
[0, 1, 0, 0]
2 3 4 9 10
[0, 0, 0, 0]
3 4 5 10 11
[0, 0, 0, 2]
4 5 6 11 12
[0, 2, 0, 0]
5 7 8 13 14
[0, 0, 0, 1]
6 8 9 14 15
[0, 1, 0, 0]
7 9 10 15 16
[0, 0, 0, 0]
8 10 11 16 17
[0, 0, 0, 0]
9 11 12 17 18
[0, 0, 0, 1]
10 13 14 19 20
[0, 0, 0, 0]
11 14 15 20 21
[0, 0, 0, 0]
12 15 16 21 22
[0, 0, 0, 0]
13 16 17 22 23
[0, 0, 0, 0]
14 17 18 23 24
[0, 0, 2, 1]
15 19 20 25 26
[0, 0, 0, 0]
16 20 21 26 27
[0, 0, 0, 0]
17 21 22 27 28
[0, 0, 0, 0]
18 22 23 28 29
[0, 0, 0, 0]
19 23 24 29 30
[2, 0, 0, 0]
20 25 26 31 32
[0, 0, 0, 0]
21 26 27 32 33
[0, 0, 0, 0]
22 27 28 33 34
[0, 0, 2, 1]
23 28 29 34 35
[0, 1, 0, 0]
24 29 30 35 36
[0, 0, 0, 0]
2
[[2, 2], [1, 3], [2, 4], [3, 3]]
P2 connects dots 15 and 21
0 1 2 7 8
[0, 2, 0, 1]
1 2 3 8 9
[0, 1, 0, 0]
2 3 4 9 10
[0, 0, 0, 0]
3 4 5 10 11
[0, 0, 0, 2]
4 5 6 11 12
[0, 2, 0, 0]
5 7 8 13 14
[0, 0, 0, 1]
6 8 9 14 15
[0, 1, 0, 0]
7 9 10 15 16
[0, 0, 0, 0]
8 10 11 16 17
[0, 0, 0, 0]
9 11 12 17 18
[0, 0, 0, 1]
10 13 14 19 20
[0, 0, 0, 0]
11 14 15 20 21
[0, 0, 0, 2]
12 15 16 21 22
[0, 2, 0, 0]
13 16 17 22 23
[0, 0, 0, 0]
14 17 18 23 24
[0, 0, 2, 1]
15 19 20 25 26
[0, 0, 0, 0]
16 20 21 26 27
[0, 0, 0, 0]
17 21 22 27 28
[0, 0, 0, 0]
18 22 23 28 29
[0, 0, 0, 0]
19 23 24 29 30
[2, 0, 0, 0]
20 25 26 31 32
[0, 0, 0, 0]
21 26 27 32 33
[0, 0, 0, 0]
22 27 28 33 34
[0, 0, 2, 1]
23 28 29 34 35
[0, 1, 0, 0]
24 29 30 35 36
[0, 0, 0, 0]
1
[[3, 3], [4, 4], [3, 5], [2, 4]]
P1 connects dots 22 and 28
0 1 2 7 8
[0, 2, 0, 1]
1 2 3 8 9
[0, 1, 0, 0]
2 3 4 9 10
[0, 0, 0, 0]
3 4 5 10 11
[0, 0, 0, 2]
4 5 6 11 12
[0, 2, 0, 0]
5 7 8 13 14
[0, 0, 0, 1]
6 8 9 14 15
[0, 1, 0, 0]
7 9 10 15 16
[0, 0, 0, 0]
8 10 11 16 17
[0, 0, 0, 0]
9 11 12 17 18
[0, 0, 0, 1]
10 13 14 19 20
[0, 0, 0, 0]
11 14 15 20 21
[0, 0, 0, 2]
12 15 16 21 22
[0, 2, 0, 0]
13 16 17 22 23
[0, 0, 0, 0]
14 17 18 23 24
[0, 0, 2, 1]
15 19 20 25 26
[0, 0, 0, 0]
16 20 21 26 27
[0, 0, 0, 0]
17 21 22 27 28
[0, 0, 0, 1]
18 22 23 28 29
[0, 1, 0, 0]
19 23 24 29 30
[2, 0, 0, 0]
20 25 26 31 32
[0, 0, 0, 0]
21 26 27 32 33
[0, 0, 0, 0]
22 27 28 33 34
[0, 0, 2, 1]
23 28 29 34 35
[0, 1, 0, 0]
24 29 30 35 36
[0, 0, 0, 0]
2
[[1, 0], [0, 1], [1, 2], [2, 1]]
P2 connects dots 7 and 8
0 1 2 7 8
[0, 2, 2, 1]
1 2 3 8 9
[0, 1, 0, 0]
2 3 4 9 10
[0, 0, 0, 0]
3 4 5 10 11
[0, 0, 0, 2]
4 5 6 11 12
[0, 2, 0, 0]
5 7 8 13 14
[2, 0, 0, 1]
6 8 9 14 15
[0, 1, 0, 0]
7 9 10 15 16
[0, 0, 0, 0]
8 10 11 16 17
[0, 0, 0, 0]
9 11 12 17 18
[0, 0, 0, 1]
10 13 14 19 20
[0, 0, 0, 0]
11 14 15 20 21
[0, 0, 0, 2]
12 15 16 21 22
[0, 2, 0, 0]
13 16 17 22 23
[0, 0, 0, 0]
14 17 18 23 24
[0, 0, 2, 1]
15 19 20 25 26
[0, 0, 0, 0]
16 20 21 26 27
[0, 0, 0, 0]
17 21 22 27 28
[0, 0, 0, 1]
18 22 23 28 29
[0, 1, 0, 0]
19 23 24 29 30
[2, 0, 0, 0]
20 25 26 31 32
[0, 0, 0, 0]
21 26 27 32 33
[0, 0, 0, 0]
22 27 28 33 34
[0, 0, 2, 1]
23 28 29 34 35
[0, 1, 0, 0]
24 29 30 35 36
[0, 0, 0, 0]
1
[[2, 0], [1, 1], [0, 0]]
P1 connects dots 3 and 2
0 1 2 7 8
[0, 2, 2, 1]
1 2 3 8 9
[1, 1, 0, 0]
2 3 4 9 10
[0, 0, 0, 0]
3 4 5 10 11
[0, 0, 0, 2]
4 5 6 11 12
[0, 2, 0, 0]
5 7 8 13 14
[2, 0, 0, 1]
6 8 9 14 15
[0, 1, 0, 0]
7 9 10 15 16
[0, 0, 0, 0]
8 10 11 16 17
[0, 0, 0, 0]
9 11 12 17 18
[0, 0, 0, 1]
10 13 14 19 20
[0, 0, 0, 0]
11 14 15 20 21
[0, 0, 0, 2]
12 15 16 21 22
[0, 2, 0, 0]
13 16 17 22 23
[0, 0, 0, 0]
14 17 18 23 24
[0, 0, 2, 1]
15 19 20 25 26
[0, 0, 0, 0]
16 20 21 26 27
[0, 0, 0, 0]
17 21 22 27 28
[0, 0, 0, 1]
18 22 23 28 29
[0, 1, 0, 0]
19 23 24 29 30
[2, 0, 0, 0]
20 25 26 31 32
[0, 0, 0, 0]
21 26 27 32 33
[0, 0, 0, 0]
22 27 28 33 34
[0, 0, 2, 1]
23 28 29 34 35
[0, 1, 0, 0]
24 29 30 35 36
[0, 0, 0, 0]
2
[[0, 4], [1, 5]]
P2 connects dots 25 and 31
0 1 2 7 8
[0, 2, 2, 1]
1 2 3 8 9
[1, 1, 0, 0]
2 3 4 9 10
[0, 0, 0, 0]
3 4 5 10 11
[0, 0, 0, 2]
4 5 6 11 12
[0, 2, 0, 0]
5 7 8 13 14
[2, 0, 0, 1]
6 8 9 14 15
[0, 1, 0, 0]
7 9 10 15 16
[0, 0, 0, 0]
8 10 11 16 17
[0, 0, 0, 0]
9 11 12 17 18
[0, 0, 0, 1]
10 13 14 19 20
[0, 0, 0, 0]
11 14 15 20 21
[0, 0, 0, 2]
12 15 16 21 22
[0, 2, 0, 0]
13 16 17 22 23
[0, 0, 0, 0]
14 17 18 23 24
[0, 0, 2, 1]
15 19 20 25 26
[0, 0, 0, 0]
16 20 21 26 27
[0, 0, 0, 0]
17 21 22 27 28
[0, 0, 0, 1]
18 22 23 28 29
[0, 1, 0, 0]
19 23 24 29 30
[2, 0, 0, 0]
20 25 26 31 32
[0, 2, 0, 0]
21 26 27 32 33
[0, 0, 0, 0]
22 27 28 33 34
[0, 0, 2, 1]
23 28 29 34 35
[0, 1, 0, 0]
24 29 30 35 36
[0, 0, 0, 0]
1
[[5, 0], [5, 2], [4, 1]]
P1 connects dots 6 and 12
0 1 2 7 8
[0, 2, 2, 1]
1 2 3 8 9
[1, 1, 0, 0]
2 3 4 9 10
[0, 0, 0, 0]
3 4 5 10 11
[0, 0, 0, 2]
4 5 6 11 12
[0, 2, 0, 1]
5 7 8 13 14
[2, 0, 0, 1]
6 8 9 14 15
[0, 1, 0, 0]
7 9 10 15 16
[0, 0, 0, 0]
8 10 11 16 17
[0, 0, 0, 0]
9 11 12 17 18
[0, 0, 0, 1]
10 13 14 19 20
[0, 0, 0, 0]
11 14 15 20 21
[0, 0, 0, 2]
12 15 16 21 22
[0, 2, 0, 0]
13 16 17 22 23
[0, 0, 0, 0]
14 17 18 23 24
[0, 0, 2, 1]
15 19 20 25 26
[0, 0, 0, 0]
16 20 21 26 27
[0, 0, 0, 0]
17 21 22 27 28
[0, 0, 0, 1]
18 22 23 28 29
[0, 1, 0, 0]
19 23 24 29 30
[2, 0, 0, 0]
20 25 26 31 32
[0, 2, 0, 0]
21 26 27 32 33
[0, 0, 0, 0]
22 27 28 33 34
[0, 0, 2, 1]
23 28 29 34 35
[0, 1, 0, 0]
24 29 30 35 36
[0, 0, 0, 0]
2
[[5, 1], [4, 2], [5, 3]]
P2 connects dots 17 and 18
0 1 2 7 8
[0, 2, 2, 1]
1 2 3 8 9
[1, 1, 0, 0]
2 3 4 9 10
[0, 0, 0, 0]
3 4 5 10 11
[0, 0, 0, 2]
4 5 6 11 12
[0, 2, 0, 1]
5 7 8 13 14
[2, 0, 0, 1]
6 8 9 14 15
[0, 1, 0, 0]
7 9 10 15 16
[0, 0, 0, 0]
8 10 11 16 17
[0, 0, 0, 0]
9 11 12 17 18
[0, 0, 2, 1]
10 13 14 19 20
[0, 0, 0, 0]
11 14 15 20 21
[0, 0, 0, 2]
12 15 16 21 22
[0, 2, 0, 0]
13 16 17 22 23
[0, 0, 0, 0]
14 17 18 23 24
[2, 0, 2, 1]
15 19 20 25 26
[0, 0, 0, 0]
16 20 21 26 27
[0, 0, 0, 0]
17 21 22 27 28
[0, 0, 0, 1]
18 22 23 28 29
[0, 1, 0, 0]
19 23 24 29 30
[2, 0, 0, 0]
20 25 26 31 32
[0, 2, 0, 0]
21 26 27 32 33
[0, 0, 0, 0]
22 27 28 33 34
[0, 0, 2, 1]
23 28 29 34 35
[0, 1, 0, 0]
24 29 30 35 36
[0, 0, 0, 0]
1
[[3, 2], [4, 3], [3, 4], [2, 3]]
P1 connects dots 16 and 22
0 1 2 7 8
[0, 2, 2, 1]
1 2 3 8 9
[1, 1, 0, 0]
2 3 4 9 10
[0, 0, 0, 0]
3 4 5 10 11
[0, 0, 0, 2]
4 5 6 11 12
[0, 2, 0, 1]
5 7 8 13 14
[2, 0, 0, 1]
6 8 9 14 15
[0, 1, 0, 0]
7 9 10 15 16
[0, 0, 0, 0]
8 10 11 16 17
[0, 0, 0, 0]
9 11 12 17 18
[0, 0, 2, 1]
10 13 14 19 20
[0, 0, 0, 0]
11 14 15 20 21
[0, 0, 0, 2]
12 15 16 21 22
[0, 2, 0, 1]
13 16 17 22 23
[0, 1, 0, 0]
14 17 18 23 24
[2, 0, 2, 1]
15 19 20 25 26
[0, 0, 0, 0]
16 20 21 26 27
[0, 0, 0, 0]
17 21 22 27 28
[0, 0, 0, 1]
18 22 23 28 29
[0, 1, 0, 0]
19 23 24 29 30
[2, 0, 0, 0]
20 25 26 31 32
[0, 2, 0, 0]
21 26 27 32 33
[0, 0, 0, 0]
22 27 28 33 34
[0, 0, 2, 1]
23 28 29 34 35
[0, 1, 0, 0]
24 29 30 35 36
[0, 0, 0, 0]
2
[[3, 0], [4, 1], [5, 0]]
P2 connects dots 4 and 5
0 1 2 7 8
[0, 2, 2, 1]
1 2 3 8 9
[1, 1, 0, 0]
2 3 4 9 10
[0, 0, 0, 0]
3 4 5 10 11
[2, 0, 0, 2]
4 5 6 11 12
[0, 2, 0, 1]
5 7 8 13 14
[2, 0, 0, 1]
6 8 9 14 15
[0, 1, 0, 0]
7 9 10 15 16
[0, 0, 0, 0]
8 10 11 16 17
[0, 0, 0, 0]
9 11 12 17 18
[0, 0, 2, 1]
10 13 14 19 20
[0, 0, 0, 0]
11 14 15 20 21
[0, 0, 0, 2]
12 15 16 21 22
[0, 2, 0, 1]
13 16 17 22 23
[0, 1, 0, 0]
14 17 18 23 24
[2, 0, 2, 1]
15 19 20 25 26
[0, 0, 0, 0]
16 20 21 26 27
[0, 0, 0, 0]
17 21 22 27 28
[0, 0, 0, 1]
18 22 23 28 29
[0, 1, 0, 0]
19 23 24 29 30
[2, 0, 0, 0]
20 25 26 31 32
[0, 2, 0, 0]
21 26 27 32 33
[0, 0, 0, 0]
22 27 28 33 34
[0, 0, 2, 1]
23 28 29 34 35
[0, 1, 0, 0]
24 29 30 35 36
[0, 0, 0, 0]
1
[[1, 4], [2, 5], [0, 5]]
P1 connects dots 26 and 32
0 1 2 7 8
[0, 2, 2, 1]
1 2 3 8 9
[1, 1, 0, 0]
2 3 4 9 10
[0, 0, 0, 0]
3 4 5 10 11
[2, 0, 0, 2]
4 5 6 11 12
[0, 2, 0, 1]
5 7 8 13 14
[2, 0, 0, 1]
6 8 9 14 15
[0, 1, 0, 0]
7 9 10 15 16
[0, 0, 0, 0]
8 10 11 16 17
[0, 0, 0, 0]
9 11 12 17 18
[0, 0, 2, 1]
10 13 14 19 20
[0, 0, 0, 0]
11 14 15 20 21
[0, 0, 0, 2]
12 15 16 21 22
[0, 2, 0, 1]
13 16 17 22 23
[0, 1, 0, 0]
14 17 18 23 24
[2, 0, 2, 1]
15 19 20 25 26
[0, 0, 0, 0]
16 20 21 26 27
[0, 0, 0, 0]
17 21 22 27 28
[0, 0, 0, 1]
18 22 23 28 29
[0, 1, 0, 0]
19 23 24 29 30
[2, 0, 0, 0]
20 25 26 31 32
[0, 2, 0, 1]
21 26 27 32 33
[0, 1, 0, 0]
22 27 28 33 34
[0, 0, 2, 1]
23 28 29 34 35
[0, 1, 0, 0]
24 29 30 35 36
[0, 0, 0, 0]
2
[[3, 3], [2, 4], [3, 5], [4, 4]]
P2 connects dots 27 and 28
0 1 2 7 8
[0, 2, 2, 1]
1 2 3 8 9
[1, 1, 0, 0]
2 3 4 9 10
[0, 0, 0, 0]
3 4 5 10 11
[2, 0, 0, 2]
4 5 6 11 12
[0, 2, 0, 1]
5 7 8 13 14
[2, 0, 0, 1]
6 8 9 14 15
[0, 1, 0, 0]
7 9 10 15 16
[0, 0, 0, 0]
8 10 11 16 17
[0, 0, 0, 0]
9 11 12 17 18
[0, 0, 2, 1]
10 13 14 19 20
[0, 0, 0, 0]
11 14 15 20 21
[0, 0, 0, 2]
12 15 16 21 22
[0, 2, 0, 1]
13 16 17 22 23
[0, 1, 0, 0]
14 17 18 23 24
[2, 0, 2, 1]
15 19 20 25 26
[0, 0, 0, 0]
16 20 21 26 27
[0, 0, 0, 0]
17 21 22 27 28
[0, 0, 2, 1]
18 22 23 28 29
[0, 1, 0, 0]
19 23 24 29 30
[2, 0, 0, 0]
20 25 26 31 32
[0, 2, 0, 1]
21 26 27 32 33
[0, 1, 0, 0]
22 27 28 33 34
[2, 0, 2, 1]
23 28 29 34 35
[0, 1, 0, 0]
24 29 30 35 36
[0, 0, 0, 0]
1
[[5, 1], [4, 0]]
P1 connects dots 5 and 6
0 1 2 7 8
[0, 2, 2, 1]
1 2 3 8 9
[1, 1, 0, 0]
2 3 4 9 10
[0, 0, 0, 0]
3 4 5 10 11
[2, 0, 0, 2]
4 5 6 11 12
[1, 2, 0, 1]
5 7 8 13 14
[2, 0, 0, 1]
6 8 9 14 15
[0, 1, 0, 0]
7 9 10 15 16
[0, 0, 0, 0]
8 10 11 16 17
[0, 0, 0, 0]
9 11 12 17 18
[0, 0, 2, 1]
10 13 14 19 20
[0, 0, 0, 0]
11 14 15 20 21
[0, 0, 0, 2]
12 15 16 21 22
[0, 2, 0, 1]
13 16 17 22 23
[0, 1, 0, 0]
14 17 18 23 24
[2, 0, 2, 1]
15 19 20 25 26
[0, 0, 0, 0]
16 20 21 26 27
[0, 0, 0, 0]
17 21 22 27 28
[0, 0, 2, 1]
18 22 23 28 29
[0, 1, 0, 0]
19 23 24 29 30
[2, 0, 0, 0]
20 25 26 31 32
[0, 2, 0, 1]
21 26 27 32 33
[0, 1, 0, 0]
22 27 28 33 34
[2, 0, 2, 1]
23 28 29 34 35
[0, 1, 0, 0]
24 29 30 35 36
[0, 0, 0, 0]
2
[[2, 1], [1, 2], [2, 3], [3, 2]]
P2 connects dots 9 and 15
0 1 2 7 8
[0, 2, 2, 1]
1 2 3 8 9
[1, 1, 0, 0]
2 3 4 9 10
[0, 0, 0, 0]
3 4 5 10 11
[2, 0, 0, 2]
4 5 6 11 12
[1, 2, 0, 1]
5 7 8 13 14
[2, 0, 0, 1]
6 8 9 14 15
[0, 1, 0, 2]
7 9 10 15 16
[0, 2, 0, 0]
8 10 11 16 17
[0, 0, 0, 0]
9 11 12 17 18
[0, 0, 2, 1]
10 13 14 19 20
[0, 0, 0, 0]
11 14 15 20 21
[0, 0, 0, 2]
12 15 16 21 22
[0, 2, 0, 1]
13 16 17 22 23
[0, 1, 0, 0]
14 17 18 23 24
[2, 0, 2, 1]
15 19 20 25 26
[0, 0, 0, 0]
16 20 21 26 27
[0, 0, 0, 0]
17 21 22 27 28
[0, 0, 2, 1]
18 22 23 28 29
[0, 1, 0, 0]
19 23 24 29 30
[2, 0, 0, 0]
20 25 26 31 32
[0, 2, 0, 1]
21 26 27 32 33
[0, 1, 0, 0]
22 27 28 33 34
[2, 0, 2, 1]
23 28 29 34 35
[0, 1, 0, 0]
24 29 30 35 36
[0, 0, 0, 0]
1
[[3, 1], [4, 2], [3, 3], [2, 2]]
P1 connects dots 10 and 16
0 1 2 7 8
[0, 2, 2, 1]
1 2 3 8 9
[1, 1, 0, 0]
2 3 4 9 10
[0, 0, 0, 0]
3 4 5 10 11
[2, 0, 0, 2]
4 5 6 11 12
[1, 2, 0, 1]
5 7 8 13 14
[2, 0, 0, 1]
6 8 9 14 15
[0, 1, 0, 2]
7 9 10 15 16
[0, 2, 0, 1]
8 10 11 16 17
[0, 1, 0, 0]
9 11 12 17 18
[0, 0, 2, 1]
10 13 14 19 20
[0, 0, 0, 0]
11 14 15 20 21
[0, 0, 0, 2]
12 15 16 21 22
[0, 2, 0, 1]
13 16 17 22 23
[0, 1, 0, 0]
14 17 18 23 24
[2, 0, 2, 1]
15 19 20 25 26
[0, 0, 0, 0]
16 20 21 26 27
[0, 0, 0, 0]
17 21 22 27 28
[0, 0, 2, 1]
18 22 23 28 29
[0, 1, 0, 0]
19 23 24 29 30
[2, 0, 0, 0]
20 25 26 31 32
[0, 2, 0, 1]
21 26 27 32 33
[0, 1, 0, 0]
22 27 28 33 34
[2, 0, 2, 1]
23 28 29 34 35
[0, 1, 0, 0]
24 29 30 35 36
[0, 0, 0, 0]
2
[[0, 0], [1, 1], [2, 0]]
P2 connects dots 1 and 2
0 1 2 7 8
[2, 2, 2, 1]
1 2 3 8 9
[1, 1, 0, 0]
2 3 4 9 10
[0, 0, 0, 0]
3 4 5 10 11
[2, 0, 0, 2]
4 5 6 11 12
[1, 2, 0, 1]
5 7 8 13 14
[2, 0, 0, 1]
6 8 9 14 15
[0, 1, 0, 2]
7 9 10 15 16
[0, 2, 0, 1]
8 10 11 16 17
[0, 1, 0, 0]
9 11 12 17 18
[0, 0, 2, 1]
10 13 14 19 20
[0, 0, 0, 0]
11 14 15 20 21
[0, 0, 0, 2]
12 15 16 21 22
[0, 2, 0, 1]
13 16 17 22 23
[0, 1, 0, 0]
14 17 18 23 24
[2, 0, 2, 1]
15 19 20 25 26
[0, 0, 0, 0]
16 20 21 26 27
[0, 0, 0, 0]
17 21 22 27 28
[0, 0, 2, 1]
18 22 23 28 29
[0, 1, 0, 0]
19 23 24 29 30
[2, 0, 0, 0]
20 25 26 31 32
[0, 2, 0, 1]
21 26 27 32 33
[0, 1, 0, 0]
22 27 28 33 34
[2, 0, 2, 1]
23 28 29 34 35
[0, 1, 0, 0]
24 29 30 35 36
[0, 0, 0, 0]
1
[[1, 3], [2, 4], [1, 5], [0, 4]]
P1 connects dots 20 and 26
0 1 2 7 8
[2, 2, 2, 1]
1 2 3 8 9
[1, 1, 0, 0]
2 3 4 9 10
[0, 0, 0, 0]
3 4 5 10 11
[2, 0, 0, 2]
4 5 6 11 12
[1, 2, 0, 1]
5 7 8 13 14
[2, 0, 0, 1]
6 8 9 14 15
[0, 1, 0, 2]
7 9 10 15 16
[0, 2, 0, 1]
8 10 11 16 17
[0, 1, 0, 0]
9 11 12 17 18
[0, 0, 2, 1]
10 13 14 19 20
[0, 0, 0, 0]
11 14 15 20 21
[0, 0, 0, 2]
12 15 16 21 22
[0, 2, 0, 1]
13 16 17 22 23
[0, 1, 0, 0]
14 17 18 23 24
[2, 0, 2, 1]
15 19 20 25 26
[0, 0, 0, 1]
16 20 21 26 27
[0, 1, 0, 0]
17 21 22 27 28
[0, 0, 2, 1]
18 22 23 28 29
[0, 1, 0, 0]
19 23 24 29 30
[2, 0, 0, 0]
20 25 26 31 32
[0, 2, 0, 1]
21 26 27 32 33
[0, 1, 0, 0]
22 27 28 33 34
[2, 0, 2, 1]
23 28 29 34 35
[0, 1, 0, 0]
24 29 30 35 36
[0, 0, 0, 0]
2
[[0, 3], [0, 5], [1, 4]]
P2 connects dots 19 and 25
0 1 2 7 8
[2, 2, 2, 1]
1 2 3 8 9
[1, 1, 0, 0]
2 3 4 9 10
[0, 0, 0, 0]
3 4 5 10 11
[2, 0, 0, 2]
4 5 6 11 12
[1, 2, 0, 1]
5 7 8 13 14
[2, 0, 0, 1]
6 8 9 14 15
[0, 1, 0, 2]
7 9 10 15 16
[0, 2, 0, 1]
8 10 11 16 17
[0, 1, 0, 0]
9 11 12 17 18
[0, 0, 2, 1]
10 13 14 19 20
[0, 0, 0, 0]
11 14 15 20 21
[0, 0, 0, 2]
12 15 16 21 22
[0, 2, 0, 1]
13 16 17 22 23
[0, 1, 0, 0]
14 17 18 23 24
[2, 0, 2, 1]
15 19 20 25 26
[0, 2, 0, 1]
16 20 21 26 27
[0, 1, 0, 0]
17 21 22 27 28
[0, 0, 2, 1]
18 22 23 28 29
[0, 1, 0, 0]
19 23 24 29 30
[2, 0, 0, 0]
20 25 26 31 32
[0, 2, 0, 1]
21 26 27 32 33
[0, 1, 0, 0]
22 27 28 33 34
[2, 0, 2, 1]
23 28 29 34 35
[0, 1, 0, 0]
24 29 30 35 36
[0, 0, 0, 0]
1
[[5, 4], [4, 5]]
P1 connects dots 30 and 36
0 1 2 7 8
[2, 2, 2, 1]
1 2 3 8 9
[1, 1, 0, 0]
2 3 4 9 10
[0, 0, 0, 0]
3 4 5 10 11
[2, 0, 0, 2]
4 5 6 11 12
[1, 2, 0, 1]
5 7 8 13 14
[2, 0, 0, 1]
6 8 9 14 15
[0, 1, 0, 2]
7 9 10 15 16
[0, 2, 0, 1]
8 10 11 16 17
[0, 1, 0, 0]
9 11 12 17 18
[0, 0, 2, 1]
10 13 14 19 20
[0, 0, 0, 0]
11 14 15 20 21
[0, 0, 0, 2]
12 15 16 21 22
[0, 2, 0, 1]
13 16 17 22 23
[0, 1, 0, 0]
14 17 18 23 24
[2, 0, 2, 1]
15 19 20 25 26
[0, 2, 0, 1]
16 20 21 26 27
[0, 1, 0, 0]
17 21 22 27 28
[0, 0, 2, 1]
18 22 23 28 29
[0, 1, 0, 0]
19 23 24 29 30
[2, 0, 0, 0]
20 25 26 31 32
[0, 2, 0, 1]
21 26 27 32 33
[0, 1, 0, 0]
22 27 28 33 34
[2, 0, 2, 1]
23 28 29 34 35
[0, 1, 0, 0]
24 29 30 35 36
[0, 0, 0, 1]
2
[[5, 0], [4, 1], [5, 2]]
P2 connects dots 11 and 12
0 1 2 7 8
[2, 2, 2, 1]
1 2 3 8 9
[1, 1, 0, 0]
2 3 4 9 10
[0, 0, 0, 0]
3 4 5 10 11
[2, 0, 0, 2]
4 5 6 11 12
[1, 2, 2, 1]
5 7 8 13 14
[2, 0, 0, 1]
6 8 9 14 15
[0, 1, 0, 2]
7 9 10 15 16
[0, 2, 0, 1]
8 10 11 16 17
[0, 1, 0, 0]
9 11 12 17 18
[2, 0, 2, 1]
10 13 14 19 20
[0, 0, 0, 0]
11 14 15 20 21
[0, 0, 0, 2]
12 15 16 21 22
[0, 2, 0, 1]
13 16 17 22 23
[0, 1, 0, 0]
14 17 18 23 24
[2, 0, 2, 1]
15 19 20 25 26
[0, 2, 0, 1]
16 20 21 26 27
[0, 1, 0, 0]
17 21 22 27 28
[0, 0, 2, 1]
18 22 23 28 29
[0, 1, 0, 0]
19 23 24 29 30
[2, 0, 0, 0]
20 25 26 31 32
[0, 2, 0, 1]
21 26 27 32 33
[0, 1, 0, 0]
22 27 28 33 34
[2, 0, 2, 1]
23 28 29 34 35
[0, 1, 0, 0]
24 29 30 35 36
[0, 0, 0, 1]
1
[[3, 0], [4, 1], [3, 2], [2, 1]]
P1 connects dots 4 and 10
0 1 2 7 8
[2, 2, 2, 1]
1 2 3 8 9
[1, 1, 0, 0]
2 3 4 9 10
[0, 0, 0, 1]
3 4 5 10 11
[2, 1, 0, 2]
4 5 6 11 12
[1, 2, 2, 1]
5 7 8 13 14
[2, 0, 0, 1]
6 8 9 14 15
[0, 1, 0, 2]
7 9 10 15 16
[0, 2, 0, 1]
8 10 11 16 17
[0, 1, 0, 0]
9 11 12 17 18
[2, 0, 2, 1]
10 13 14 19 20
[0, 0, 0, 0]
11 14 15 20 21
[0, 0, 0, 2]
12 15 16 21 22
[0, 2, 0, 1]
13 16 17 22 23
[0, 1, 0, 0]
14 17 18 23 24
[2, 0, 2, 1]
15 19 20 25 26
[0, 2, 0, 1]
16 20 21 26 27
[0, 1, 0, 0]
17 21 22 27 28
[0, 0, 2, 1]
18 22 23 28 29
[0, 1, 0, 0]
19 23 24 29 30
[2, 0, 0, 0]
20 25 26 31 32
[0, 2, 0, 1]
21 26 27 32 33
[0, 1, 0, 0]
22 27 28 33 34
[2, 0, 2, 1]
23 28 29 34 35
[0, 1, 0, 0]
24 29 30 35 36
[0, 0, 0, 1]
2
[[4, 4], [3, 5], [5, 5]]
P2 connects dots 29 and 35
0 1 2 7 8
[2, 2, 2, 1]
1 2 3 8 9
[1, 1, 0, 0]
2 3 4 9 10
[0, 0, 0, 1]
3 4 5 10 11
[2, 1, 0, 2]
4 5 6 11 12
[1, 2, 2, 1]
5 7 8 13 14
[2, 0, 0, 1]
6 8 9 14 15
[0, 1, 0, 2]
7 9 10 15 16
[0, 2, 0, 1]
8 10 11 16 17
[0, 1, 0, 0]
9 11 12 17 18
[2, 0, 2, 1]
10 13 14 19 20
[0, 0, 0, 0]
11 14 15 20 21
[0, 0, 0, 2]
12 15 16 21 22
[0, 2, 0, 1]
13 16 17 22 23
[0, 1, 0, 0]
14 17 18 23 24
[2, 0, 2, 1]
15 19 20 25 26
[0, 2, 0, 1]
16 20 21 26 27
[0, 1, 0, 0]
17 21 22 27 28
[0, 0, 2, 1]
18 22 23 28 29
[0, 1, 0, 0]
19 23 24 29 30
[2, 0, 0, 0]
20 25 26 31 32
[0, 2, 0, 1]
21 26 27 32 33
[0, 1, 0, 0]
22 27 28 33 34
[2, 0, 2, 1]
23 28 29 34 35
[0, 1, 0, 2]
24 29 30 35 36
[0, 2, 0, 1]
1
[[1, 2], [2, 3], [1, 4], [0, 3]]
P1 connects dots 14 and 20
0 1 2 7 8
[2, 2, 2, 1]
1 2 3 8 9
[1, 1, 0, 0]
2 3 4 9 10
[0, 0, 0, 1]
3 4 5 10 11
[2, 1, 0, 2]
4 5 6 11 12
[1, 2, 2, 1]
5 7 8 13 14
[2, 0, 0, 1]
6 8 9 14 15
[0, 1, 0, 2]
7 9 10 15 16
[0, 2, 0, 1]
8 10 11 16 17
[0, 1, 0, 0]
9 11 12 17 18
[2, 0, 2, 1]
10 13 14 19 20
[0, 0, 0, 1]
11 14 15 20 21
[0, 1, 0, 2]
12 15 16 21 22
[0, 2, 0, 1]
13 16 17 22 23
[0, 1, 0, 0]
14 17 18 23 24
[2, 0, 2, 1]
15 19 20 25 26
[0, 2, 0, 1]
16 20 21 26 27
[0, 1, 0, 0]
17 21 22 27 28
[0, 0, 2, 1]
18 22 23 28 29
[0, 1, 0, 0]
19 23 24 29 30
[2, 0, 0, 0]
20 25 26 31 32
[0, 2, 0, 1]
21 26 27 32 33
[0, 1, 0, 0]
22 27 28 33 34
[2, 0, 2, 1]
23 28 29 34 35
[0, 1, 0, 2]
24 29 30 35 36
[0, 2, 0, 1]
2
[[3, 2], [2, 3], [3, 4], [4, 3]]
P2 connects dots 21 and 22
0 1 2 7 8
[2, 2, 2, 1]
1 2 3 8 9
[1, 1, 0, 0]
2 3 4 9 10
[0, 0, 0, 1]
3 4 5 10 11
[2, 1, 0, 2]
4 5 6 11 12
[1, 2, 2, 1]
5 7 8 13 14
[2, 0, 0, 1]
6 8 9 14 15
[0, 1, 0, 2]
7 9 10 15 16
[0, 2, 0, 1]
8 10 11 16 17
[0, 1, 0, 0]
9 11 12 17 18
[2, 0, 2, 1]
10 13 14 19 20
[0, 0, 0, 1]
11 14 15 20 21
[0, 1, 0, 2]
12 15 16 21 22
[0, 2, 2, 1]
13 16 17 22 23
[0, 1, 0, 0]
14 17 18 23 24
[2, 0, 2, 1]
15 19 20 25 26
[0, 2, 0, 1]
16 20 21 26 27
[0, 1, 0, 0]
17 21 22 27 28
[2, 0, 2, 1]
18 22 23 28 29
[0, 1, 0, 0]
19 23 24 29 30
[2, 0, 0, 0]
20 25 26 31 32
[0, 2, 0, 1]
21 26 27 32 33
[0, 1, 0, 0]
22 27 28 33 34
[2, 0, 2, 1]
23 28 29 34 35
[0, 1, 0, 2]
24 29 30 35 36
[0, 2, 0, 1]
1
[[5, 3], [5, 5], [4, 4]]
P1 connects dots 24 and 30
0 1 2 7 8
[2, 2, 2, 1]
1 2 3 8 9
[1, 1, 0, 0]
2 3 4 9 10
[0, 0, 0, 1]
3 4 5 10 11
[2, 1, 0, 2]
4 5 6 11 12
[1, 2, 2, 1]
5 7 8 13 14
[2, 0, 0, 1]
6 8 9 14 15
[0, 1, 0, 2]
7 9 10 15 16
[0, 2, 0, 1]
8 10 11 16 17
[0, 1, 0, 0]
9 11 12 17 18
[2, 0, 2, 1]
10 13 14 19 20
[0, 0, 0, 1]
11 14 15 20 21
[0, 1, 0, 2]
12 15 16 21 22
[0, 2, 2, 1]
13 16 17 22 23
[0, 1, 0, 0]
14 17 18 23 24
[2, 0, 2, 1]
15 19 20 25 26
[0, 2, 0, 1]
16 20 21 26 27
[0, 1, 0, 0]
17 21 22 27 28
[2, 0, 2, 1]
18 22 23 28 29
[0, 1, 0, 0]
19 23 24 29 30
[2, 0, 0, 1]
20 25 26 31 32
[0, 2, 0, 1]
21 26 27 32 33
[0, 1, 0, 0]
22 27 28 33 34
[2, 0, 2, 1]
23 28 29 34 35
[0, 1, 0, 2]
24 29 30 35 36
[0, 2, 0, 1]
2
[[2, 0], [1, 1], [2, 2], [3, 1]]
P2 connects dots 3 and 9
0 1 2 7 8
[2, 2, 2, 1]
1 2 3 8 9
[1, 1, 0, 2]
2 3 4 9 10
[0, 2, 0, 1]
3 4 5 10 11
[2, 1, 0, 2]
4 5 6 11 12
[1, 2, 2, 1]
5 7 8 13 14
[2, 0, 0, 1]
6 8 9 14 15
[0, 1, 0, 2]
7 9 10 15 16
[0, 2, 0, 1]
8 10 11 16 17
[0, 1, 0, 0]
9 11 12 17 18
[2, 0, 2, 1]
10 13 14 19 20
[0, 0, 0, 1]
11 14 15 20 21
[0, 1, 0, 2]
12 15 16 21 22
[0, 2, 2, 1]
13 16 17 22 23
[0, 1, 0, 0]
14 17 18 23 24
[2, 0, 2, 1]
15 19 20 25 26
[0, 2, 0, 1]
16 20 21 26 27
[0, 1, 0, 0]
17 21 22 27 28
[2, 0, 2, 1]
18 22 23 28 29
[0, 1, 0, 0]
19 23 24 29 30
[2, 0, 0, 1]
20 25 26 31 32
[0, 2, 0, 1]
21 26 27 32 33
[0, 1, 0, 0]
22 27 28 33 34
[2, 0, 2, 1]
23 28 29 34 35
[0, 1, 0, 2]
24 29 30 35 36
[0, 2, 0, 1]
1
[[4, 0], [3, 1], [2, 0]]
P1 connects dots 3 and 4
0 1 2 7 8
[2, 2, 2, 1]
1 2 3 8 9
[1, 1, 0, 2]
2 3 4 9 10
[1, 2, 0, 1]
3 4 5 10 11
[2, 1, 0, 2]
4 5 6 11 12
[1, 2, 2, 1]
5 7 8 13 14
[2, 0, 0, 1]
6 8 9 14 15
[0, 1, 0, 2]
7 9 10 15 16
[0, 2, 0, 1]
8 10 11 16 17
[0, 1, 0, 0]
9 11 12 17 18
[2, 0, 2, 1]
10 13 14 19 20
[0, 0, 0, 1]
11 14 15 20 21
[0, 1, 0, 2]
12 15 16 21 22
[0, 2, 2, 1]
13 16 17 22 23
[0, 1, 0, 0]
14 17 18 23 24
[2, 0, 2, 1]
15 19 20 25 26
[0, 2, 0, 1]
16 20 21 26 27
[0, 1, 0, 0]
17 21 22 27 28
[2, 0, 2, 1]
18 22 23 28 29
[0, 1, 0, 0]
19 23 24 29 30
[2, 0, 0, 1]
20 25 26 31 32
[0, 2, 0, 1]
21 26 27 32 33
[0, 1, 0, 0]
22 27 28 33 34
[2, 0, 2, 1]
23 28 29 34 35
[0, 1, 0, 2]
24 29 30 35 36
[0, 2, 0, 1]
2
[[1, 4], [0, 5], [2, 5]]
P2 connects dots 31 and 32
0 1 2 7 8
[2, 2, 2, 1]
1 2 3 8 9
[1, 1, 0, 2]
2 3 4 9 10
[1, 2, 0, 1]
3 4 5 10 11
[2, 1, 0, 2]
4 5 6 11 12
[1, 2, 2, 1]
5 7 8 13 14
[2, 0, 0, 1]
6 8 9 14 15
[0, 1, 0, 2]
7 9 10 15 16
[0, 2, 0, 1]
8 10 11 16 17
[0, 1, 0, 0]
9 11 12 17 18
[2, 0, 2, 1]
10 13 14 19 20
[0, 0, 0, 1]
11 14 15 20 21
[0, 1, 0, 2]
12 15 16 21 22
[0, 2, 2, 1]
13 16 17 22 23
[0, 1, 0, 0]
14 17 18 23 24
[2, 0, 2, 1]
15 19 20 25 26
[0, 2, 0, 1]
16 20 21 26 27
[0, 1, 0, 0]
17 21 22 27 28
[2, 0, 2, 1]
18 22 23 28 29
[0, 1, 0, 0]
19 23 24 29 30
[2, 0, 0, 1]
20 25 26 31 32
[0, 2, 2, 1]
21 26 27 32 33
[0, 1, 0, 0]
22 27 28 33 34
[2, 0, 2, 1]
23 28 29 34 35
[0, 1, 0, 2]
24 29 30 35 36
[0, 2, 0, 1]
1
[[1, 1], [2, 2], [1, 3], [0, 2]]
P1 connects dots 15 and 14
0 1 2 7 8
[2, 2, 2, 1]
1 2 3 8 9
[1, 1, 0, 2]
2 3 4 9 10
[1, 2, 0, 1]
3 4 5 10 11
[2, 1, 0, 2]
4 5 6 11 12
[1, 2, 2, 1]
5 7 8 13 14
[2, 0, 0, 1]
6 8 9 14 15
[0, 1, 1, 2]
7 9 10 15 16
[0, 2, 0, 1]
8 10 11 16 17
[0, 1, 0, 0]
9 11 12 17 18
[2, 0, 2, 1]
10 13 14 19 20
[0, 0, 0, 1]
11 14 15 20 21
[1, 1, 0, 2]
12 15 16 21 22
[0, 2, 2, 1]
13 16 17 22 23
[0, 1, 0, 0]
14 17 18 23 24
[2, 0, 2, 1]
15 19 20 25 26
[0, 2, 0, 1]
16 20 21 26 27
[0, 1, 0, 0]
17 21 22 27 28
[2, 0, 2, 1]
18 22 23 28 29
[0, 1, 0, 0]
19 23 24 29 30
[2, 0, 0, 1]
20 25 26 31 32
[0, 2, 2, 1]
21 26 27 32 33
[0, 1, 0, 0]
22 27 28 33 34
[2, 0, 2, 1]
23 28 29 34 35
[0, 1, 0, 2]
24 29 30 35 36
[0, 2, 0, 1]
2
[[0, 2], [0, 4], [1, 3]]
P2 connects dots 13 and 19
0 1 2 7 8
[2, 2, 2, 1]
1 2 3 8 9
[1, 1, 0, 2]
2 3 4 9 10
[1, 2, 0, 1]
3 4 5 10 11
[2, 1, 0, 2]
4 5 6 11 12
[1, 2, 2, 1]
5 7 8 13 14
[2, 0, 0, 1]
6 8 9 14 15
[0, 1, 1, 2]
7 9 10 15 16
[0, 2, 0, 1]
8 10 11 16 17
[0, 1, 0, 0]
9 11 12 17 18
[2, 0, 2, 1]
10 13 14 19 20
[0, 2, 0, 1]
11 14 15 20 21
[1, 1, 0, 2]
12 15 16 21 22
[0, 2, 2, 1]
13 16 17 22 23
[0, 1, 0, 0]
14 17 18 23 24
[2, 0, 2, 1]
15 19 20 25 26
[0, 2, 0, 1]
16 20 21 26 27
[0, 1, 0, 0]
17 21 22 27 28
[2, 0, 2, 1]
18 22 23 28 29
[0, 1, 0, 0]
19 23 24 29 30
[2, 0, 0, 1]
20 25 26 31 32
[0, 2, 2, 1]
21 26 27 32 33
[0, 1, 0, 0]
22 27 28 33 34
[2, 0, 2, 1]
23 28 29 34 35
[0, 1, 0, 2]
24 29 30 35 36
[0, 2, 0, 1]
1
[[5, 2], [5, 4], [4, 3]]
[[0, 3], [1, 4], [0, 5]]
P1 connects dots 26 and 25
0 1 2 7 8
[2, 2, 2, 1]
1 2 3 8 9
[1, 1, 0, 2]
2 3 4 9 10
[1, 2, 0, 1]
3 4 5 10 11
[2, 1, 0, 2]
4 5 6 11 12
[1, 2, 2, 1]
5 7 8 13 14
[2, 0, 0, 1]
6 8 9 14 15
[0, 1, 1, 2]
7 9 10 15 16
[0, 2, 0, 1]
8 10 11 16 17
[0, 1, 0, 0]
9 11 12 17 18
[2, 0, 2, 1]
10 13 14 19 20
[0, 2, 0, 1]
11 14 15 20 21
[1, 1, 0, 2]
12 15 16 21 22
[0, 2, 2, 1]
13 16 17 22 23
[0, 1, 0, 0]
14 17 18 23 24
[2, 0, 2, 1]
15 19 20 25 26
[0, 2, 1, 1]
16 20 21 26 27
[0, 1, 0, 0]
17 21 22 27 28
[2, 0, 2, 1]
18 22 23 28 29
[0, 1, 0, 0]
19 23 24 29 30
[2, 0, 0, 1]
20 25 26 31 32
[1, 2, 2, 1]
21 26 27 32 33
[0, 1, 0, 0]
22 27 28 33 34
[2, 0, 2, 1]
23 28 29 34 35
[0, 1, 0, 2]
24 29 30 35 36
[0, 2, 0, 1]
2
[[4, 0], [5, 1]]
[[0, 0], [0, 2], [1, 1]]
P2 connects dots 13 and 7
0 1 2 7 8
[2, 2, 2, 1]
1 2 3 8 9
[1, 1, 0, 2]
2 3 4 9 10
[1, 2, 0, 1]
3 4 5 10 11
[2, 1, 0, 2]
4 5 6 11 12
[1, 2, 2, 1]
5 7 8 13 14
[2, 2, 0, 1]
6 8 9 14 15
[0, 1, 1, 2]
7 9 10 15 16
[0, 2, 0, 1]
8 10 11 16 17
[0, 1, 0, 0]
9 11 12 17 18
[2, 0, 2, 1]
10 13 14 19 20
[0, 2, 0, 1]
11 14 15 20 21
[1, 1, 0, 2]
12 15 16 21 22
[0, 2, 2, 1]
13 16 17 22 23
[0, 1, 0, 0]
14 17 18 23 24
[2, 0, 2, 1]
15 19 20 25 26
[0, 2, 1, 1]
16 20 21 26 27
[0, 1, 0, 0]
17 21 22 27 28
[2, 0, 2, 1]
18 22 23 28 29
[0, 1, 0, 0]
19 23 24 29 30
[2, 0, 0, 1]
20 25 26 31 32
[1, 2, 2, 1]
21 26 27 32 33
[0, 1, 0, 0]
22 27 28 33 34
[2, 0, 2, 1]
23 28 29 34 35
[0, 1, 0, 2]
24 29 30 35 36
[0, 2, 0, 1]
1
[[4, 4], [5, 5], [3, 5]]
P1 connects dots 36 and 35
0 1 2 7 8
[2, 2, 2, 1]
1 2 3 8 9
[1, 1, 0, 2]
2 3 4 9 10
[1, 2, 0, 1]
3 4 5 10 11
[2, 1, 0, 2]
4 5 6 11 12
[1, 2, 2, 1]
5 7 8 13 14
[2, 2, 0, 1]
6 8 9 14 15
[0, 1, 1, 2]
7 9 10 15 16
[0, 2, 0, 1]
8 10 11 16 17
[0, 1, 0, 0]
9 11 12 17 18
[2, 0, 2, 1]
10 13 14 19 20
[0, 2, 0, 1]
11 14 15 20 21
[1, 1, 0, 2]
12 15 16 21 22
[0, 2, 2, 1]
13 16 17 22 23
[0, 1, 0, 0]
14 17 18 23 24
[2, 0, 2, 1]
15 19 20 25 26
[0, 2, 1, 1]
16 20 21 26 27
[0, 1, 0, 0]
17 21 22 27 28
[2, 0, 2, 1]
18 22 23 28 29
[0, 1, 0, 0]
19 23 24 29 30
[2, 0, 0, 1]
20 25 26 31 32
[1, 2, 2, 1]
21 26 27 32 33
[0, 1, 0, 0]
22 27 28 33 34
[2, 0, 2, 1]
23 28 29 34 35
[0, 1, 0, 2]
24 29 30 35 36
[0, 2, 1, 1]
2
[[5, 3], [4, 4], [5, 5]]
P2 connects dots 29 and 30
0 1 2 7 8
[2, 2, 2, 1]
1 2 3 8 9
[1, 1, 0, 2]
2 3 4 9 10
[1, 2, 0, 1]
3 4 5 10 11
[2, 1, 0, 2]
4 5 6 11 12
[1, 2, 2, 1]
5 7 8 13 14
[2, 2, 0, 1]
6 8 9 14 15
[0, 1, 1, 2]
7 9 10 15 16
[0, 2, 0, 1]
8 10 11 16 17
[0, 1, 0, 0]
9 11 12 17 18
[2, 0, 2, 1]
10 13 14 19 20
[0, 2, 0, 1]
11 14 15 20 21
[1, 1, 0, 2]
12 15 16 21 22
[0, 2, 2, 1]
13 16 17 22 23
[0, 1, 0, 0]
14 17 18 23 24
[2, 0, 2, 1]
15 19 20 25 26
[0, 2, 1, 1]
16 20 21 26 27
[0, 1, 0, 0]
17 21 22 27 28
[2, 0, 2, 1]
18 22 23 28 29
[0, 1, 0, 0]
19 23 24 29 30
[2, 0, 2, 1]
20 25 26 31 32
[1, 2, 2, 1]
21 26 27 32 33
[0, 1, 0, 0]
22 27 28 33 34
[2, 0, 2, 1]
23 28 29 34 35
[0, 1, 0, 2]
24 29 30 35 36
[2, 2, 1, 1]
1
[[2, 0], [3, 1], [2, 2], [1, 1]]
P1 connects dots 10 and 9
0 1 2 7 8
[2, 2, 2, 1]
1 2 3 8 9
[1, 1, 0, 2]
2 3 4 9 10
[1, 2, 1, 1]
3 4 5 10 11
[2, 1, 0, 2]
4 5 6 11 12
[1, 2, 2, 1]
5 7 8 13 14
[2, 2, 0, 1]
6 8 9 14 15
[0, 1, 1, 2]
7 9 10 15 16
[1, 2, 0, 1]
8 10 11 16 17
[0, 1, 0, 0]
9 11 12 17 18
[2, 0, 2, 1]
10 13 14 19 20
[0, 2, 0, 1]
11 14 15 20 21
[1, 1, 0, 2]
12 15 16 21 22
[0, 2, 2, 1]
13 16 17 22 23
[0, 1, 0, 0]
14 17 18 23 24
[2, 0, 2, 1]
15 19 20 25 26
[0, 2, 1, 1]
16 20 21 26 27
[0, 1, 0, 0]
17 21 22 27 28
[2, 0, 2, 1]
18 22 23 28 29
[0, 1, 0, 0]
19 23 24 29 30
[2, 0, 2, 1]
20 25 26 31 32
[1, 2, 2, 1]
21 26 27 32 33
[0, 1, 0, 0]
22 27 28 33 34
[2, 0, 2, 1]
23 28 29 34 35
[0, 1, 0, 2]
24 29 30 35 36
[2, 2, 1, 1]
2
[[4, 1], [3, 2], [4, 3], [5, 2]]
P2 connects dots 11 and 17
0 1 2 7 8
[2, 2, 2, 1]
1 2 3 8 9
[1, 1, 0, 2]
2 3 4 9 10
[1, 2, 1, 1]
3 4 5 10 11
[2, 1, 0, 2]
4 5 6 11 12
[1, 2, 2, 1]
5 7 8 13 14
[2, 2, 0, 1]
6 8 9 14 15
[0, 1, 1, 2]
7 9 10 15 16
[1, 2, 0, 1]
8 10 11 16 17
[0, 1, 0, 2]
9 11 12 17 18
[2, 2, 2, 1]
10 13 14 19 20
[0, 2, 0, 1]
11 14 15 20 21
[1, 1, 0, 2]
12 15 16 21 22
[0, 2, 2, 1]
13 16 17 22 23
[0, 1, 0, 0]
14 17 18 23 24
[2, 0, 2, 1]
15 19 20 25 26
[0, 2, 1, 1]
16 20 21 26 27
[0, 1, 0, 0]
17 21 22 27 28
[2, 0, 2, 1]
18 22 23 28 29
[0, 1, 0, 0]
19 23 24 29 30
[2, 0, 2, 1]
20 25 26 31 32
[1, 2, 2, 1]
21 26 27 32 33
[0, 1, 0, 0]
22 27 28 33 34
[2, 0, 2, 1]
23 28 29 34 35
[0, 1, 0, 2]
24 29 30 35 36
[2, 2, 1, 1]
1
[[0, 2], [1, 3], [0, 4]]
P1 connects dots 20 and 19
0 1 2 7 8
[2, 2, 2, 1]
1 2 3 8 9
[1, 1, 0, 2]
2 3 4 9 10
[1, 2, 1, 1]
3 4 5 10 11
[2, 1, 0, 2]
4 5 6 11 12
[1, 2, 2, 1]
5 7 8 13 14
[2, 2, 0, 1]
6 8 9 14 15
[0, 1, 1, 2]
7 9 10 15 16
[1, 2, 0, 1]
8 10 11 16 17
[0, 1, 0, 2]
9 11 12 17 18
[2, 2, 2, 1]
10 13 14 19 20
[0, 2, 1, 1]
11 14 15 20 21
[1, 1, 0, 2]
12 15 16 21 22
[0, 2, 2, 1]
13 16 17 22 23
[0, 1, 0, 0]
14 17 18 23 24
[2, 0, 2, 1]
15 19 20 25 26
[1, 2, 1, 1]
16 20 21 26 27
[0, 1, 0, 0]
17 21 22 27 28
[2, 0, 2, 1]
18 22 23 28 29
[0, 1, 0, 0]
19 23 24 29 30
[2, 0, 2, 1]
20 25 26 31 32
[1, 2, 2, 1]
21 26 27 32 33
[0, 1, 0, 0]
22 27 28 33 34
[2, 0, 2, 1]
23 28 29 34 35
[0, 1, 0, 2]
24 29 30 35 36
[2, 2, 1, 1]
2
[[2, 0], [3, 1], [4, 0]]
[[3, 0], [4, 1], [5, 0]]
[[4, 0], [5, 1]]
[[0, 0], [0, 2], [1, 1]]
[[1, 0], [0, 1], [1, 2], [2, 1]]
P2 connects dots 9 and 8
0 1 2 7 8
[2, 2, 2, 1]
1 2 3 8 9
[1, 1, 2, 2]
2 3 4 9 10
[1, 2, 1, 1]
3 4 5 10 11
[2, 1, 0, 2]
4 5 6 11 12
[1, 2, 2, 1]
5 7 8 13 14
[2, 2, 0, 1]
6 8 9 14 15
[2, 1, 1, 2]
7 9 10 15 16
[1, 2, 0, 1]
8 10 11 16 17
[0, 1, 0, 2]
9 11 12 17 18
[2, 2, 2, 1]
10 13 14 19 20
[0, 2, 1, 1]
11 14 15 20 21
[1, 1, 0, 2]
12 15 16 21 22
[0, 2, 2, 1]
13 16 17 22 23
[0, 1, 0, 0]
14 17 18 23 24
[2, 0, 2, 1]
15 19 20 25 26
[1, 2, 1, 1]
16 20 21 26 27
[0, 1, 0, 0]
17 21 22 27 28
[2, 0, 2, 1]
18 22 23 28 29
[0, 1, 0, 0]
19 23 24 29 30
[2, 0, 2, 1]
20 25 26 31 32
[1, 2, 2, 1]
21 26 27 32 33
[0, 1, 0, 0]
22 27 28 33 34
[2, 0, 2, 1]
23 28 29 34 35
[0, 1, 0, 2]
24 29 30 35 36
[2, 2, 1, 1]
1
[[4, 3], [5, 4], [4, 5], [3, 4]]
P1 connects dots 23 and 29
0 1 2 7 8
[2, 2, 2, 1]
1 2 3 8 9
[1, 1, 2, 2]
2 3 4 9 10
[1, 2, 1, 1]
3 4 5 10 11
[2, 1, 0, 2]
4 5 6 11 12
[1, 2, 2, 1]
5 7 8 13 14
[2, 2, 0, 1]
6 8 9 14 15
[2, 1, 1, 2]
7 9 10 15 16
[1, 2, 0, 1]
8 10 11 16 17
[0, 1, 0, 2]
9 11 12 17 18
[2, 2, 2, 1]
10 13 14 19 20
[0, 2, 1, 1]
11 14 15 20 21
[1, 1, 0, 2]
12 15 16 21 22
[0, 2, 2, 1]
13 16 17 22 23
[0, 1, 0, 0]
14 17 18 23 24
[2, 0, 2, 1]
15 19 20 25 26
[1, 2, 1, 1]
16 20 21 26 27
[0, 1, 0, 0]
17 21 22 27 28
[2, 0, 2, 1]
18 22 23 28 29
[0, 1, 0, 1]
19 23 24 29 30
[2, 1, 2, 1]
20 25 26 31 32
[1, 2, 2, 1]
21 26 27 32 33
[0, 1, 0, 0]
22 27 28 33 34
[2, 0, 2, 1]
23 28 29 34 35
[0, 1, 0, 2]
24 29 30 35 36
[2, 2, 1, 1]
